-6.498333333333418693e+01 3.001666666666649519e+01
-6.496666666666752121e+01 3.003333333333316091e+01
-6.495000000000085549e+01 3.004999999999982663e+01
-6.493333333333418977e+01 3.006666666666649235e+01
-6.491666666666752405e+01 3.008333333333315807e+01
-6.490000000000085834e+01 3.009999999999982379e+01
-6.488333333333419262e+01 3.011666666666648950e+01
-6.486666666666752690e+01 3.013333333333315522e+01
-6.485000000000086118e+01 3.014999999999982094e+01
-6.483333333333419546e+01 3.016666666666648666e+01
-6.481666666666752974e+01 3.018333333333315238e+01
-6.480000000000086402e+01 3.019999999999981810e+01
-6.478333333333419830e+01 3.021666666666648382e+01
-6.476666666666753258e+01 3.023333333333314954e+01
-6.475000000000086686e+01 3.024999999999981526e+01
-6.473333333333420114e+01 3.026666666666648098e+01
-6.471666666666753542e+01 3.028333333333314670e+01
-6.470000000000086970e+01 3.029999999999981242e+01
-6.468333333333420399e+01 3.031666666666647814e+01
-6.466666666666753827e+01 3.033333333333314386e+01
-6.465000000000087255e+01 3.034999999999980957e+01
-6.463333333333420683e+01 3.036666666666647529e+01
-6.461666666666754111e+01 3.038333333333314101e+01
-6.460000000000087539e+01 3.039999999999980673e+01
-6.458333333333420967e+01 3.041666666666647245e+01
-6.456666666666754395e+01 3.043333333333313817e+01
-6.455000000000087823e+01 3.044999999999980389e+01
-6.453333333333421251e+01 3.046666666666646961e+01
-6.451666666666754679e+01 3.048333333333313533e+01
-6.450000000000088107e+01 3.049999999999980105e+01
-6.448333333333421535e+01 3.051666666666646677e+01
-6.446666666666754963e+01 3.053333333333313249e+01
-6.445000000000088392e+01 3.054999999999979821e+01
-6.443333333333421820e+01 3.056666666666646393e+01
-6.441666666666755248e+01 3.058333333333312964e+01
-6.440000000000088676e+01 3.059999999999979536e+01
-6.438333333333422104e+01 3.061666666666646108e+01
-6.436666666666755532e+01 3.063333333333312680e+01
-6.435000000000088960e+01 3.064999999999979252e+01
-6.433333333333422388e+01 3.066666666666645824e+01
-6.431666666666755816e+01 3.068333333333312396e+01
-6.430000000000089244e+01 3.069999999999978968e+01
-6.428333333333422672e+01 3.071666666666645540e+01
-6.426666666666756100e+01 3.073333333333312112e+01
-6.425000000000089528e+01 3.074999999999978684e+01
-6.423333333333422956e+01 3.076666666666645256e+01
-6.421666666666756385e+01 3.078333333333311828e+01
-6.420000000000089813e+01 3.079999999999978400e+01
-6.418333333333423241e+01 3.081666666666644971e+01
-6.416666666666756669e+01 3.083333333333311543e+01
-6.415000000000090097e+01 3.084999999999978115e+01
-6.413333333333423525e+01 3.086666666666644687e+01
-6.411666666666756953e+01 3.088333333333311259e+01
-6.410000000000090381e+01 3.089999999999977831e+01
-6.408333333333423809e+01 3.091666666666644403e+01
-6.406666666666757237e+01 3.093333333333310975e+01
-6.405000000000090665e+01 3.094999999999977547e+01
-6.403333333333424093e+01 3.096666666666644119e+01
-6.401666666666757521e+01 3.098333333333310691e+01
-6.400000000000090949e+01 3.099999999999977263e+01
-6.398333333333424378e+01 3.101666666666643835e+01
-6.396666666666757806e+01 3.103333333333310406e+01
-6.395000000000091234e+01 3.104999999999976978e+01
-6.393333333333424662e+01 3.106666666666643550e+01
-6.391666666666758090e+01 3.108333333333310122e+01
-6.390000000000091518e+01 3.109999999999976694e+01
-6.388333333333424946e+01 3.111666666666643266e+01
-6.386666666666758374e+01 3.113333333333309838e+01
-6.385000000000091802e+01 3.114999999999976410e+01
-6.383333333333425230e+01 3.116666666666642982e+01
-6.381666666666758658e+01 3.118333333333309554e+01
-6.380000000000092086e+01 3.119999999999976126e+01
-6.378333333333425514e+01 3.121666666666642698e+01
-6.376666666666758942e+01 3.123333333333309270e+01
-6.375000000000092371e+01 3.124999999999975842e+01
-6.373333333333425799e+01 3.126666666666642413e+01
-6.371666666666759227e+01 3.128333333333308985e+01
-6.370000000000092655e+01 3.129999999999975557e+01
-6.368333333333426083e+01 3.131666666666642129e+01
-6.366666666666759511e+01 3.133333333333308701e+01
-6.365000000000092939e+01 3.134999999999975273e+01
-6.363333333333426367e+01 3.136666666666641845e+01
-6.361666666666759795e+01 3.138333333333308417e+01
-6.360000000000093223e+01 3.139999999999974989e+01
-6.358333333333426651e+01 3.141666666666641561e+01
-6.356666666666760079e+01 3.143333333333308133e+01
-6.355000000000093507e+01 3.144999999999974705e+01
-6.353333333333426935e+01 3.146666666666641277e+01
-6.351666666666760364e+01 3.148333333333307849e+01
-6.350000000000093792e+01 3.149999999999974420e+01
-6.348333333333427220e+01 3.151666666666640992e+01
-6.346666666666760648e+01 3.153333333333307564e+01
-6.345000000000094076e+01 3.154999999999974136e+01
-6.343333333333427504e+01 3.156666666666640708e+01
-6.341666666666760932e+01 3.158333333333307280e+01
-6.340000000000094360e+01 3.159999999999973852e+01
-6.338333333333427788e+01 3.161666666666640424e+01
-6.336666666666761216e+01 3.163333333333306996e+01
-6.335000000000094644e+01 3.164999999999973568e+01
-6.333333333333428072e+01 3.166666666666640140e+01
-6.331666666666761500e+01 3.168333333333306712e+01
-6.330000000000094929e+01 3.169999999999973284e+01
-6.328333333333428357e+01 3.171666666666639856e+01
-6.326666666666761785e+01 3.173333333333306427e+01
-6.325000000000095213e+01 3.174999999999972999e+01
-6.323333333333428641e+01 3.176666666666639571e+01
-6.321666666666762069e+01 3.178333333333306143e+01
-6.320000000000095497e+01 3.179999999999972715e+01
-6.318333333333428925e+01 3.181666666666639287e+01
-6.316666666666762353e+01 3.183333333333305859e+01
-6.315000000000095781e+01 3.184999999999972431e+01
-6.313333333333429209e+01 3.186666666666639003e+01
-6.311666666666762637e+01 3.188333333333305575e+01
-6.310000000000096065e+01 3.189999999999972147e+01
-6.308333333333429493e+01 3.191666666666638719e+01
-6.306666666666762922e+01 3.193333333333305291e+01
-6.305000000000096350e+01 3.194999999999971863e+01
-6.303333333333429778e+01 3.196666666666638434e+01
-6.301666666666763206e+01 3.198333333333305006e+01
-6.300000000000096634e+01 3.199999999999971578e+01
-6.298333333333430062e+01 3.201666666666638150e+01
-6.296666666666763490e+01 3.203333333333304722e+01
-6.295000000000096918e+01 3.204999999999971294e+01
-6.293333333333430346e+01 3.206666666666637866e+01
-6.291666666666763774e+01 3.208333333333304438e+01
-6.290000000000097202e+01 3.209999999999971010e+01
-6.288333333333430630e+01 3.211666666666637582e+01
-6.286666666666764058e+01 3.213333333333304154e+01
-6.285000000000097486e+01 3.214999999999970726e+01
-6.283333333333430915e+01 3.216666666666637298e+01
-6.281666666666764343e+01 3.218333333333303869e+01
-6.280000000000097771e+01 3.219999999999970441e+01
-6.278333333333431199e+01 3.221666666666637013e+01
-6.276666666666764627e+01 3.223333333333303585e+01
-6.275000000000098055e+01 3.224999999999970157e+01
-6.273333333333431483e+01 3.226666666666636729e+01
-6.271666666666764911e+01 3.228333333333303301e+01
-6.270000000000098339e+01 3.229999999999969873e+01
-6.268333333333431767e+01 3.231666666666636445e+01
-6.266666666666765195e+01 3.233333333333303017e+01
-6.265000000000098623e+01 3.234999999999969589e+01
-6.263333333333432051e+01 3.236666666666636161e+01
-6.261666666666765479e+01 3.238333333333302733e+01
-6.260000000000098908e+01 3.239999999999969305e+01
-6.258333333333432336e+01 3.241666666666635876e+01
-6.256666666666765764e+01 3.243333333333302448e+01
-6.255000000000099192e+01 3.244999999999969020e+01
-6.253333333333432620e+01 3.246666666666635592e+01
-6.251666666666766048e+01 3.248333333333302164e+01
-6.250000000000099476e+01 3.249999999999968736e+01
-6.248333333333432904e+01 3.251666666666635308e+01
-6.246666666666766332e+01 3.253333333333301880e+01
-6.245000000000099760e+01 3.254999999999968452e+01
-6.243333333333433188e+01 3.256666666666635024e+01
-6.241666666666766616e+01 3.258333333333301596e+01
-6.240000000000100044e+01 3.259999999999968168e+01
-6.238333333333433472e+01 3.261666666666634740e+01
-6.236666666666766901e+01 3.263333333333301312e+01
-6.235000000000100329e+01 3.264999999999967883e+01
-6.233333333333433757e+01 3.266666666666634455e+01
-6.231666666666767185e+01 3.268333333333301027e+01
-6.230000000000100613e+01 3.269999999999967599e+01
-6.228333333333434041e+01 3.271666666666634171e+01
-6.226666666666767469e+01 3.273333333333300743e+01
-6.225000000000100897e+01 3.274999999999967315e+01
-6.223333333333434325e+01 3.276666666666633887e+01
-6.221666666666767753e+01 3.278333333333300459e+01
-6.220000000000101181e+01 3.279999999999967031e+01
-6.218333333333434609e+01 3.281666666666633603e+01
-6.216666666666768037e+01 3.283333333333300175e+01
-6.215000000000101466e+01 3.284999999999966747e+01
-6.213333333333434894e+01 3.286666666666633319e+01
-6.211666666666768322e+01 3.288333333333299890e+01
-6.210000000000101750e+01 3.289999999999966462e+01
-6.208333333333435178e+01 3.291666666666633034e+01
-6.206666666666768606e+01 3.293333333333299606e+01
-6.205000000000102034e+01 3.294999999999966178e+01
-6.203333333333435462e+01 3.296666666666632750e+01
-6.201666666666768890e+01 3.298333333333299322e+01
-6.200000000000102318e+01 3.299999999999965894e+01
-6.198333333333435746e+01 3.301666666666632466e+01
-6.196666666666769174e+01 3.303333333333299038e+01
-6.195000000000102602e+01 3.304999999999965610e+01
-6.193333333333436030e+01 3.306666666666632182e+01
-6.191666666666769459e+01 3.308333333333298754e+01
-6.190000000000102887e+01 3.309999999999965326e+01
-6.188333333333436315e+01 3.311666666666631897e+01
-6.186666666666769743e+01 3.313333333333298469e+01
-6.185000000000103171e+01 3.314999999999965041e+01
-6.183333333333436599e+01 3.316666666666631613e+01
-6.181666666666770027e+01 3.318333333333298185e+01
-6.180000000000103455e+01 3.319999999999964757e+01
-6.178333333333436883e+01 3.321666666666631329e+01
-6.176666666666770311e+01 3.323333333333297901e+01
-6.175000000000103739e+01 3.324999999999964473e+01
-6.173333333333437167e+01 3.326666666666631045e+01
-6.171666666666770595e+01 3.328333333333297617e+01
-6.170000000000104023e+01 3.329999999999964189e+01
-6.168333333333437452e+01 3.331666666666630761e+01
-6.166666666666770880e+01 3.333333333333297333e+01
-6.165000000000104308e+01 3.334999999999963904e+01
-6.163333333333437736e+01 3.336666666666630476e+01
-6.161666666666771164e+01 3.338333333333297048e+01
-6.160000000000104592e+01 3.339999999999963620e+01
-6.158333333333438020e+01 3.341666666666630192e+01
-6.156666666666771448e+01 3.343333333333296764e+01
-6.155000000000104876e+01 3.344999999999963336e+01
-6.153333333333438304e+01 3.346666666666629908e+01
-6.151666666666771732e+01 3.348333333333296480e+01
-6.150000000000105160e+01 3.349999999999963052e+01
-6.148333333333438588e+01 3.351666666666629624e+01
-6.146666666666772016e+01 3.353333333333296196e+01
-6.145000000000105445e+01 3.354999999999962768e+01
-6.143333333333438873e+01 3.356666666666629339e+01
-6.141666666666772301e+01 3.358333333333295911e+01
-6.140000000000105729e+01 3.359999999999962483e+01
-6.138333333333439157e+01 3.361666666666629055e+01
-6.136666666666772585e+01 3.363333333333295627e+01
-6.135000000000106013e+01 3.364999999999962199e+01
-6.133333333333439441e+01 3.366666666666628771e+01
-6.131666666666772869e+01 3.368333333333295343e+01
-6.130000000000106297e+01 3.369999999999961915e+01
-6.128333333333439725e+01 3.371666666666628487e+01
-6.126666666666773153e+01 3.373333333333295059e+01
-6.125000000000106581e+01 3.374999999999961631e+01
-6.123333333333440009e+01 3.376666666666628203e+01
-6.121666666666773438e+01 3.378333333333294775e+01
-6.120000000000106866e+01 3.379999999999961346e+01
-6.118333333333440294e+01 3.381666666666627918e+01
-6.116666666666773722e+01 3.383333333333294490e+01
-6.115000000000107150e+01 3.384999999999961062e+01
-6.113333333333440578e+01 3.386666666666627634e+01
-6.111666666666774006e+01 3.388333333333294206e+01
-6.110000000000107434e+01 3.389999999999960778e+01
-6.108333333333440862e+01 3.391666666666627350e+01
-6.106666666666774290e+01 3.393333333333293922e+01
-6.105000000000107718e+01 3.394999999999960494e+01
-6.103333333333441146e+01 3.396666666666627066e+01
-6.101666666666774574e+01 3.398333333333293638e+01
-6.100000000000108002e+01 3.399999999999960210e+01
-6.098333333333441431e+01 3.401666666666626782e+01
-6.096666666666774859e+01 3.403333333333293353e+01
-6.095000000000108287e+01 3.404999999999959925e+01
-6.093333333333441715e+01 3.406666666666626497e+01
-6.091666666666775143e+01 3.408333333333293069e+01
-6.090000000000108571e+01 3.409999999999959641e+01
-6.088333333333441999e+01 3.411666666666626213e+01
-6.086666666666775427e+01 3.413333333333292785e+01
-6.085000000000108855e+01 3.414999999999959357e+01
-6.083333333333442283e+01 3.416666666666625929e+01
-6.081666666666775711e+01 3.418333333333292501e+01
-6.080000000000109139e+01 3.419999999999959073e+01
-6.078333333333442567e+01 3.421666666666625645e+01
-6.076666666666775996e+01 3.423333333333292217e+01
-6.075000000000109424e+01 3.424999999999958789e+01
-6.073333333333442852e+01 3.426666666666625360e+01
-6.071666666666776280e+01 3.428333333333291932e+01
-6.070000000000109708e+01 3.429999999999958504e+01
-6.068333333333443136e+01 3.431666666666625076e+01
-6.066666666666776564e+01 3.433333333333291648e+01
-6.065000000000109992e+01 3.434999999999958220e+01
-6.063333333333443420e+01 3.436666666666624792e+01
-6.061666666666776848e+01 3.438333333333291364e+01
-6.060000000000110276e+01 3.439999999999957936e+01
-6.058333333333443704e+01 3.441666666666624508e+01
-6.056666666666777132e+01 3.443333333333291080e+01
-6.055000000000110560e+01 3.444999999999957652e+01
-6.053333333333443989e+01 3.446666666666624224e+01
-6.051666666666777417e+01 3.448333333333290796e+01
-6.050000000000110845e+01 3.449999999999957367e+01
-6.048333333333444273e+01 3.451666666666623939e+01
-6.046666666666777701e+01 3.453333333333290511e+01
-6.045000000000111129e+01 3.454999999999957083e+01
-6.043333333333444557e+01 3.456666666666623655e+01
-6.041666666666777985e+01 3.458333333333290227e+01
-6.040000000000111413e+01 3.459999999999956799e+01
-6.038333333333444841e+01 3.461666666666623371e+01
-6.036666666666778269e+01 3.463333333333289943e+01
-6.035000000000111697e+01 3.464999999999956515e+01
-6.033333333333445125e+01 3.466666666666623087e+01
-6.031666666666778553e+01 3.468333333333289659e+01
-6.030000000000111982e+01 3.469999999999956231e+01
-6.028333333333445410e+01 3.471666666666622802e+01
-6.026666666666778838e+01 3.473333333333289374e+01
-6.025000000000112266e+01 3.474999999999955946e+01
-6.023333333333445694e+01 3.476666666666622518e+01
-6.021666666666779122e+01 3.478333333333289090e+01
-6.020000000000112550e+01 3.479999999999955662e+01
-6.018333333333445978e+01 3.481666666666622234e+01
-6.016666666666779406e+01 3.483333333333288806e+01
-6.015000000000112834e+01 3.484999999999955378e+01
-6.013333333333446262e+01 3.486666666666621950e+01
-6.011666666666779690e+01 3.488333333333288522e+01
-6.010000000000113118e+01 3.489999999999955094e+01
-6.008333333333446546e+01 3.491666666666621666e+01
-6.006666666666779975e+01 3.493333333333288238e+01
-6.005000000000113403e+01 3.494999999999954809e+01
-6.003333333333446831e+01 3.496666666666621381e+01
-6.001666666666780259e+01 3.498333333333287953e+01
-6.000000000000113687e+01 3.499999999999954525e+01
-5.998333333333447115e+01 3.501666666666621097e+01
-5.996666666666780543e+01 3.503333333333287669e+01
-5.995000000000113971e+01 3.504999999999954241e+01
-5.993333333333447399e+01 3.506666666666620813e+01
-5.991666666666780827e+01 3.508333333333287385e+01
-5.990000000000114255e+01 3.509999999999953957e+01
-5.988333333333447683e+01 3.511666666666620529e+01
-5.986666666666781111e+01 3.513333333333287101e+01
-5.985000000000114539e+01 3.514999999999953673e+01
-5.983333333333447968e+01 3.516666666666620245e+01
-5.981666666666781396e+01 3.518333333333286816e+01
-5.980000000000114824e+01 3.519999999999953388e+01
-5.978333333333448252e+01 3.521666666666619960e+01
-5.976666666666781680e+01 3.523333333333286532e+01
-5.975000000000115108e+01 3.524999999999953104e+01
-5.973333333333448536e+01 3.526666666666619676e+01
-5.971666666666781964e+01 3.528333333333286248e+01
-5.970000000000115392e+01 3.529999999999952820e+01
-5.968333333333448820e+01 3.531666666666619392e+01
-5.966666666666782248e+01 3.533333333333285964e+01
-5.965000000000115676e+01 3.534999999999952536e+01
-5.963333333333449104e+01 3.536666666666619108e+01
-5.961666666666782533e+01 3.538333333333285680e+01
-5.960000000000115961e+01 3.539999999999952252e+01
-5.958333333333449389e+01 3.541666666666618823e+01
-5.956666666666782817e+01 3.543333333333285395e+01
-5.955000000000116245e+01 3.544999999999951967e+01
-5.953333333333449673e+01 3.546666666666618539e+01
-5.951666666666783101e+01 3.548333333333285111e+01
-5.950000000000116529e+01 3.549999999999951683e+01
-5.948333333333449957e+01 3.551666666666618255e+01
-5.946666666666783385e+01 3.553333333333284827e+01
-5.945000000000116813e+01 3.554999999999951399e+01
-5.943333333333450241e+01 3.556666666666617971e+01
-5.941666666666783669e+01 3.558333333333284543e+01
-5.940000000000117097e+01 3.559999999999951115e+01
-5.938333333333450526e+01 3.561666666666617687e+01
-5.936666666666783954e+01 3.563333333333284259e+01
-5.935000000000117382e+01 3.564999999999950830e+01
-5.933333333333450810e+01 3.566666666666617402e+01
-5.931666666666784238e+01 3.568333333333283974e+01
-5.930000000000117666e+01 3.569999999999950546e+01
-5.928333333333451094e+01 3.571666666666617118e+01
-5.926666666666784522e+01 3.573333333333283690e+01
-5.925000000000117950e+01 3.574999999999950262e+01
-5.923333333333451378e+01 3.576666666666616834e+01
-5.921666666666784806e+01 3.578333333333283406e+01
-5.920000000000118234e+01 3.579999999999949978e+01
-5.918333333333451662e+01 3.581666666666616550e+01
-5.916666666666785090e+01 3.583333333333283122e+01
-5.915000000000118519e+01 3.584999999999949694e+01
-5.913333333333451947e+01 3.586666666666616266e+01
-5.911666666666785375e+01 3.588333333333282837e+01
-5.910000000000118803e+01 3.589999999999949409e+01
-5.908333333333452231e+01 3.591666666666615981e+01
-5.906666666666785659e+01 3.593333333333282553e+01
-5.905000000000119087e+01 3.594999999999949125e+01
-5.903333333333452515e+01 3.596666666666615697e+01
-5.901666666666785943e+01 3.598333333333282269e+01
-5.900000000000119371e+01 3.599999999999948841e+01
-5.898333333333452799e+01 3.601666666666615413e+01
-5.896666666666786227e+01 3.603333333333281985e+01
-5.895000000000119655e+01 3.604999999999948557e+01
-5.893333333333453083e+01 3.606666666666615129e+01
-5.891666666666786512e+01 3.608333333333281701e+01
-5.890000000000119940e+01 3.609999999999948272e+01
-5.888333333333453368e+01 3.611666666666614844e+01
-5.886666666666786796e+01 3.613333333333281416e+01
-5.885000000000120224e+01 3.614999999999947988e+01
-5.883333333333453652e+01 3.616666666666614560e+01
-5.881666666666787080e+01 3.618333333333281132e+01
-5.880000000000120508e+01 3.619999999999947704e+01
-5.878333333333453936e+01 3.621666666666614276e+01
-5.876666666666787364e+01 3.623333333333280848e+01
-5.875000000000120792e+01 3.624999999999947420e+01
-5.873333333333454220e+01 3.626666666666613992e+01
-5.871666666666787648e+01 3.628333333333280564e+01
-5.870000000000121076e+01 3.629999999999947136e+01
-5.868333333333454505e+01 3.631666666666613708e+01
-5.866666666666787933e+01 3.633333333333280279e+01
-5.865000000000121361e+01 3.634999999999946851e+01
-5.863333333333454789e+01 3.636666666666613423e+01
-5.861666666666788217e+01 3.638333333333279995e+01
-5.860000000000121645e+01 3.639999999999946567e+01
-5.858333333333455073e+01 3.641666666666613139e+01
-5.856666666666788501e+01 3.643333333333279711e+01
-5.855000000000121929e+01 3.644999999999946283e+01
-5.853333333333455357e+01 3.646666666666612855e+01
-5.851666666666788785e+01 3.648333333333279427e+01
-5.850000000000122213e+01 3.649999999999945999e+01
-5.848333333333455641e+01 3.651666666666612571e+01
-5.846666666666789069e+01 3.653333333333279143e+01
-5.845000000000122498e+01 3.654999999999945715e+01
-5.843333333333455926e+01 3.656666666666612286e+01
-5.841666666666789354e+01 3.658333333333278858e+01
-5.840000000000122782e+01 3.659999999999945430e+01
-5.838333333333456210e+01 3.661666666666612002e+01
-5.836666666666789638e+01 3.663333333333278574e+01
-5.835000000000123066e+01 3.664999999999945146e+01
-5.833333333333456494e+01 3.666666666666611718e+01
-5.831666666666789922e+01 3.668333333333278290e+01
-5.830000000000123350e+01 3.669999999999944862e+01
-5.828333333333456778e+01 3.671666666666611434e+01
-5.826666666666790206e+01 3.673333333333278006e+01
-5.825000000000123634e+01 3.674999999999944578e+01
-5.823333333333457063e+01 3.676666666666611150e+01
-5.821666666666790491e+01 3.678333333333277722e+01
-5.820000000000123919e+01 3.679999999999944293e+01
-5.818333333333457347e+01 3.681666666666610865e+01
-5.816666666666790775e+01 3.683333333333277437e+01
-5.815000000000124203e+01 3.684999999999944009e+01
-5.813333333333457631e+01 3.686666666666610581e+01
-5.811666666666791059e+01 3.688333333333277153e+01
-5.810000000000124487e+01 3.689999999999943725e+01
-5.808333333333457915e+01 3.691666666666610297e+01
-5.806666666666791343e+01 3.693333333333276869e+01
-5.805000000000124771e+01 3.694999999999943441e+01
-5.803333333333458199e+01 3.696666666666610013e+01
-5.801666666666791627e+01 3.698333333333276585e+01
-5.800000000000125056e+01 3.699999999999943157e+01
-5.798333333333458484e+01 3.701666666666609729e+01
-5.796666666666791912e+01 3.703333333333276300e+01
-5.795000000000125340e+01 3.704999999999942872e+01
-5.793333333333458768e+01 3.706666666666609444e+01
-5.791666666666792196e+01 3.708333333333276016e+01
-5.790000000000125624e+01 3.709999999999942588e+01
-5.788333333333459052e+01 3.711666666666609160e+01
-5.786666666666792480e+01 3.713333333333275732e+01
-5.785000000000125908e+01 3.714999999999942304e+01
-5.783333333333459336e+01 3.716666666666608876e+01
-5.781666666666792764e+01 3.718333333333275448e+01
-5.780000000000126192e+01 3.719999999999942020e+01
-5.778333333333459620e+01 3.721666666666608592e+01
-5.776666666666793049e+01 3.723333333333275164e+01
-5.775000000000126477e+01 3.724999999999941735e+01
-5.773333333333459905e+01 3.726666666666608307e+01
-5.771666666666793333e+01 3.728333333333274879e+01
-5.770000000000126761e+01 3.729999999999941451e+01
-5.768333333333460189e+01 3.731666666666608023e+01
-5.766666666666793617e+01 3.733333333333274595e+01
-5.765000000000127045e+01 3.734999999999941167e+01
-5.763333333333460473e+01 3.736666666666607739e+01
-5.761666666666793901e+01 3.738333333333274311e+01
-5.760000000000127329e+01 3.739999999999940883e+01
-5.758333333333460757e+01 3.741666666666607455e+01
-5.756666666666794185e+01 3.743333333333274027e+01
-5.755000000000127613e+01 3.744999999999940599e+01
-5.753333333333461042e+01 3.746666666666607171e+01
-5.751666666666794470e+01 3.748333333333273742e+01
-5.750000000000127898e+01 3.749999999999940314e+01
-5.748333333333461326e+01 3.751666666666606886e+01
-5.746666666666794754e+01 3.753333333333273458e+01
-5.745000000000128182e+01 3.754999999999940030e+01
-5.743333333333461610e+01 3.756666666666606602e+01
-5.741666666666795038e+01 3.758333333333273174e+01
-5.740000000000128466e+01 3.759999999999939746e+01
-5.738333333333461894e+01 3.761666666666606318e+01
-5.736666666666795322e+01 3.763333333333272890e+01
-5.735000000000128750e+01 3.764999999999939462e+01
-5.733333333333462178e+01 3.766666666666606034e+01
-5.731666666666795606e+01 3.768333333333272606e+01
-5.730000000000129035e+01 3.769999999999939178e+01
-5.728333333333462463e+01 3.771666666666605749e+01
-5.726666666666795891e+01 3.773333333333272321e+01
-5.725000000000129319e+01 3.774999999999938893e+01
-5.723333333333462747e+01 3.776666666666605465e+01
-5.721666666666796175e+01 3.778333333333272037e+01
-5.720000000000129603e+01 3.779999999999938609e+01
-5.718333333333463031e+01 3.781666666666605181e+01
-5.716666666666796459e+01 3.783333333333271753e+01
-5.715000000000129887e+01 3.784999999999938325e+01
-5.713333333333463315e+01 3.786666666666604897e+01
-5.711666666666796743e+01 3.788333333333271469e+01
-5.710000000000130171e+01 3.789999999999938041e+01
-5.708333333333463600e+01 3.791666666666604613e+01
-5.706666666666797028e+01 3.793333333333271185e+01
-5.705000000000130456e+01 3.794999999999937756e+01
-5.703333333333463884e+01 3.796666666666604328e+01
-5.701666666666797312e+01 3.798333333333270900e+01
-5.700000000000130740e+01 3.799999999999937472e+01
-5.698333333333464168e+01 3.801666666666604044e+01
-5.696666666666797596e+01 3.803333333333270616e+01
-5.695000000000131024e+01 3.804999999999937188e+01
-5.693333333333464452e+01 3.806666666666603760e+01
-5.691666666666797880e+01 3.808333333333270332e+01
-5.690000000000131308e+01 3.809999999999936904e+01
-5.688333333333464736e+01 3.811666666666603476e+01
-5.686666666666798164e+01 3.813333333333270048e+01
-5.685000000000131593e+01 3.814999999999936620e+01
-5.683333333333465021e+01 3.816666666666603192e+01
-5.681666666666798449e+01 3.818333333333269763e+01
-5.680000000000131877e+01 3.819999999999936335e+01
-5.678333333333465305e+01 3.821666666666602907e+01
-5.676666666666798733e+01 3.823333333333269479e+01
-5.675000000000132161e+01 3.824999999999936051e+01
-5.673333333333465589e+01 3.826666666666602623e+01
-5.671666666666799017e+01 3.828333333333269195e+01
-5.670000000000132445e+01 3.829999999999935767e+01
-5.668333333333465873e+01 3.831666666666602339e+01
-5.666666666666799301e+01 3.833333333333268911e+01
-5.665000000000132729e+01 3.834999999999935483e+01
-5.663333333333466157e+01 3.836666666666602055e+01
-5.661666666666799586e+01 3.838333333333268627e+01
-5.660000000000133014e+01 3.839999999999935199e+01
-5.658333333333466442e+01 3.841666666666601770e+01
-5.656666666666799870e+01 3.843333333333268342e+01
-5.655000000000133298e+01 3.844999999999934914e+01
-5.653333333333466726e+01 3.846666666666601486e+01
-5.651666666666800154e+01 3.848333333333268058e+01
-5.650000000000133582e+01 3.849999999999934630e+01
-5.648333333333467010e+01 3.851666666666601202e+01
-5.646666666666800438e+01 3.853333333333267774e+01
-5.645000000000133866e+01 3.854999999999934346e+01
-5.643333333333467294e+01 3.856666666666600918e+01
-5.641666666666800722e+01 3.858333333333267490e+01
-5.640000000000134150e+01 3.859999999999934062e+01
-5.638333333333467579e+01 3.861666666666600634e+01
-5.636666666666801007e+01 3.863333333333267205e+01
-5.635000000000134435e+01 3.864999999999933777e+01
-5.633333333333467863e+01 3.866666666666600349e+01
-5.631666666666801291e+01 3.868333333333266921e+01
-5.630000000000134719e+01 3.869999999999933493e+01
-5.628333333333468147e+01 3.871666666666600065e+01
-5.626666666666801575e+01 3.873333333333266637e+01
-5.625000000000135003e+01 3.874999999999933209e+01
-5.623333333333468431e+01 3.876666666666599781e+01
-5.621666666666801859e+01 3.878333333333266353e+01
-5.620000000000135287e+01 3.879999999999932925e+01
-5.618333333333468715e+01 3.881666666666599497e+01
-5.616666666666802143e+01 3.883333333333266069e+01
-5.615000000000135572e+01 3.884999999999932641e+01
-5.613333333333469000e+01 3.886666666666599212e+01
-5.611666666666802428e+01 3.888333333333265784e+01
-5.610000000000135856e+01 3.889999999999932356e+01
-5.608333333333469284e+01 3.891666666666598928e+01
-5.606666666666802712e+01 3.893333333333265500e+01
-5.605000000000136140e+01 3.894999999999932072e+01
-5.603333333333469568e+01 3.896666666666598644e+01
-5.601666666666802996e+01 3.898333333333265216e+01
-5.600000000000136424e+01 3.899999999999931788e+01
-5.598333333333469852e+01 3.901666666666598360e+01
-5.596666666666803280e+01 3.903333333333264932e+01
-5.595000000000136708e+01 3.904999999999931504e+01
-5.593333333333470136e+01 3.906666666666598076e+01
-5.591666666666803565e+01 3.908333333333264648e+01
-5.590000000000136993e+01 3.909999999999931219e+01
-5.588333333333470421e+01 3.911666666666597791e+01
-5.586666666666803849e+01 3.913333333333264363e+01
-5.585000000000137277e+01 3.914999999999930935e+01
-5.583333333333470705e+01 3.916666666666597507e+01
-5.581666666666804133e+01 3.918333333333264079e+01
-5.580000000000137561e+01 3.919999999999930651e+01
-5.578333333333470989e+01 3.921666666666597223e+01
-5.576666666666804417e+01 3.923333333333263795e+01
-5.575000000000137845e+01 3.924999999999930367e+01
-5.573333333333471273e+01 3.926666666666596939e+01
-5.571666666666804701e+01 3.928333333333263511e+01
-5.570000000000138130e+01 3.929999999999930083e+01
-5.568333333333471558e+01 3.931666666666596655e+01
-5.566666666666804986e+01 3.933333333333263226e+01
-5.565000000000138414e+01 3.934999999999929798e+01
-5.563333333333471842e+01 3.936666666666596370e+01
-5.561666666666805270e+01 3.938333333333262942e+01
-5.560000000000138698e+01 3.939999999999929514e+01
-5.558333333333472126e+01 3.941666666666596086e+01
-5.556666666666805554e+01 3.943333333333262658e+01
-5.555000000000138982e+01 3.944999999999929230e+01
-5.553333333333472410e+01 3.946666666666595802e+01
-5.551666666666805838e+01 3.948333333333262374e+01
-5.550000000000139266e+01 3.949999999999928946e+01
-5.548333333333472694e+01 3.951666666666595518e+01
-5.546666666666806123e+01 3.953333333333262090e+01
-5.545000000000139551e+01 3.954999999999928662e+01
-5.543333333333472979e+01 3.956666666666595233e+01
-5.541666666666806407e+01 3.958333333333261805e+01
-5.540000000000139835e+01 3.959999999999928377e+01
-5.538333333333473263e+01 3.961666666666594949e+01
-5.536666666666806691e+01 3.963333333333261521e+01
-5.535000000000140119e+01 3.964999999999928093e+01
-5.533333333333473547e+01 3.966666666666594665e+01
-5.531666666666806975e+01 3.968333333333261237e+01
-5.530000000000140403e+01 3.969999999999927809e+01
-5.528333333333473831e+01 3.971666666666594381e+01
-5.526666666666807259e+01 3.973333333333260953e+01
-5.525000000000140687e+01 3.974999999999927525e+01
-5.523333333333474116e+01 3.976666666666594097e+01
-5.521666666666807544e+01 3.978333333333260668e+01
-5.520000000000140972e+01 3.979999999999927240e+01
-5.518333333333474400e+01 3.981666666666593812e+01
-5.516666666666807828e+01 3.983333333333260384e+01
-5.515000000000141256e+01 3.984999999999926956e+01
-5.513333333333474684e+01 3.986666666666593528e+01
-5.511666666666808112e+01 3.988333333333260100e+01
-5.510000000000141540e+01 3.989999999999926672e+01
-5.508333333333474968e+01 3.991666666666593244e+01
-5.506666666666808396e+01 3.993333333333259816e+01
-5.505000000000141824e+01 3.994999999999926388e+01
-5.503333333333475252e+01 3.996666666666592960e+01
-5.501666666666808680e+01 3.998333333333259532e+01
-5.500000000000142109e+01 3.999999999999926104e+01
